76 Y 57 122 58 4# 76 25 79 13
73 15 60 11 93 44 S 86 129 j 30 G_ 10 16 83 62 22 29 84 21 55 99 41 49 63 48 77 36 O 39
76 61 65 46 84 97 13 84 78 76 84 36 26 52 42 95 94 120 18 84 54 79 31 46 16 74 24 49 30
99 58 Z 24 35 65 21 49 25 57 39 22 Z Y 83 36 63 27 16 30 37 70 10 61 97 71 44 48 72 55
L 27 66 84 43 48 46 55 44 38 92 61 63 31 36 A# 39 H# 61 91 G_ Y 83 55 63 46 61 30
120 98 36 H# 83 35 N 58 75 22?
92 G_ 44 84 42 202 98 95 W 84 63 13 70 54 26 79 97 84 97 37 55 97 41? 84 91 70 S 30 16 43 70? 25 60
39 H# 48 94 28 43 49 98 11 46 16 97 72 35 B j 97 Y 91 49 96 63 73 N 51 71 25 60 90 15 36 Z
27 55 77 76 73 25 11 29 62 97 26 83 35 N 22 69 79 F# 46 11 16 83 74 43 61 82 39 76 26 95 N 21 70
76 84 120 39 22 27 G_ 41 84 31 99 39 B 48 63 46 87 68 129 83 70 D 55 31 23 39 83 54 67 16
74 94 30 Q 38 96 16 90 58 56 36 63 27 79 44 + S 23 92 71 83 67 36 54 88 44 54 46 61 13
Z 36 78 O 70 22 60 74 39 83 46 95 48 9 273 193 f 9 273 212 18 36 16 S N j?
273 94 25 70 29 35 44 13 j 81 83 26 Y 99 29 79 37 73 25 9 84 44 2 94 G_ 99 13 40 24
98 61 30 10 16 22 12? 28 94 84 83 26 48 39 15 10 16 30 G_ 60 74 S W 43 61 94 Y 15 94 21 79 H#
16 44 13 73 78 26 84 83 74 36 79 44 58 63 95 63 11 30 16 25 23 35 H# 16 97 18 61 97 91 24 63
43 29 84 26 69 83 27 84 30 41 98 48 97 27 61 63 77 93 18 58 97 46 61 63 77 11 16 66 83 39 H# 36
25? 49 97 69 83 26 84 63 26 36 35 63 70 80 26 11 93 31 29 16 21 79 R 84 94 18 16 15
N 84 13 46 70 44 46 84 42 92 73 83 11 29 43 79 56 Y 83 84 63 18 16 77 84 83 42 48
21 97 39 99 74 188 j 22 12? 55 30 60 36 38 47 99 95 65 j 62 46 48 83 76 65 60 31 43 61 63
40 58 27 84 42 48 21 16 L_ 89 82 35 B 76 61 25 66 N 26 C 61 94 67 70 74 36 72 57 18 48? 30 16
70 44 54 61 27 Y 91 61 26 18 35 25 27 48 44 18 11 16 27 55 77 67 84 97 28 56 10 39 W
55 32 79 58 65 X 35 44 93 25 27 30 61 XX 67 36 49 S 50 67 84 63 15 49 66 90 41 16 44
46 84 38 16 56 70 49 25 j 11 49 44 84 4H#? o? D 25 Y N 13 60 S 77 46 55 15 16 22 13 35
99 94 48 27 70 22 79 97 44 35 N 201 36 44 27 Y 60 X 15 55 83 26 78 69 54 61 63 82
61 H# 49 79 55? 97? 82 87 L_ 74 36 N 28 76 16 30 44 36 97 54 84 44 60 52 58 24 84 30 O 16 21
49 44 98 35 H# 16 22 18 11 30 60 10 70 15 41 58 35 83 21 36 97 98 36 21 48 63 77 93 25
54 84 27 16 30 37 16 54 61 83 42 39 63 18 79 97 27 48 77 36 N S 23 46 11 84 43 89 15 27
48 25 71 36 99 37 79 31 11 54 84 97 F# 86 27 95 48 55 10 29 79 97 48 H# 79 26 79 30 56 69
63 49 24 84 97 99 55 W 48 44 F 70 39 94 57 28 D 49 83 92 45 M 48 63
58 73 83 77
79 25 30 16 27 61 26 39 10 16 97 44 36 97 43 84 63 60 58 35 44 86 97 95 94 42 55 N
79 63 74 39 43 94 84 65 18 93 99 94 49 Y 22 49 83 86 69 44 43 48 97 S L_ 27 79 97 50 F# Z
46 30 71 57 76 43 84 76 48 63 67 70 W H# 46 84 44 76 84 18 71 F# 61 63 91 30 11 16 B
58 73 22 82 66 97 24 35 65 120 39 22 51 71 31 23 26 18 16 54 43 84 X 95 38 51 79? L_
82 84 H# 79 27 70 22 11 72 83 46 G N 26 16 188 84 30 55 15 13 27 70 44 57 11 94 71 11 16 99
65 58 21 66 29 84 25 42 29 61 57 71 21 26 27 11 16 22 61 48 83 92 73 44 26 84 90 58
67 16 42 49 37 66 97 94 48 25 58 10 16 30 e 81 86 84 25 27 84 83 45 L_ 18 16 22 27 11 43
42 11 L_ 91 30 11 22 29 84 83 42 71 W 84 44 84 30 77 11 72 16 60 28 76 84 65 36 41 90 35 92
G 83 61 29 16 99 48 54 49 44 82 Y 26 90 71 129 52 24 51 73 E 84 63
