46 79 31 97 16 39 42 76 39 W 28 46 97 48 20 60 65 87 35 30 67 11 63 C? 97 49 34 71 66 48 Z 39 99 31 46 25 16 68
67 79 15 62 17 88 84 76 79 58 93 38 80 14 99 70 19 93 81 36 79
39 42 73 31 68 77 84 83 29 49 99 55 15 73 22 32 30 84 13
39 R 91 55 W 62 27 Y 30 78 49 27 36 38 26 68 61 22 43 16 H
S 27 36 38 94 Z 76 70 39 67 79 71 25
70 56 10 28 D 39 27 91 79 24 16 30
115 S 13 15 35 22 48 63
248 56 G 22 O 16 26 21 24 22 129 27 79 30 12 50 70 15 90 32 16 65 22 48 N Z_
OO
22 11 D 26 24 69 16 15 13 48 19 K 97 77 90 58 21 35 B 63 70 N? G 44 52 64 37 70 W 16
65 47 22 26 79 30 57 10 16 15 Y? 94 24 35 42 155 13 48 15 10 Z_ 148 13 16 22 54 48 78 63 24 B
188 AA
12 30 N' 22 26 90 30 73 91 48 25 60 XX [square] GG
155 CC 129 28 30 57 16 48 90 24
64 22 26 16 30 21 70 15 16 44 12 70 15 90
133 16 22 26 15 11 D 10 30 48 D 79 63 155
69 42 28 12? 30 57 66 26 X 69 B 90 126 O 93 D
27 48 30 19 21 24 30 86 56 11 26 27
16 63 Y T 48 63 40 64 32 69 13 12 93 22 11 30 83 13 11 N GG AA KK
V F_? 13 123
22 73 O 13 48 21 30 27
24 63 51 79 15 77 61 15 90 70 57 48 46 11 83 29 16 24 42 10 LL
11 O 28 H 16 13 24 57 77 89 31 Z
21 73 B 24 35 156
