18 73 78 41 79 56
66 D 44 88 22 90 37 70 30 98 35 21 99 74 93 76 55 15 60 42 11 A H# 26 30 Q 31 58 35 83 82 66 16 25 S 86 42 39 N 61 65 40 24 99 55 22
60 98 Y H# 27 71 22 51 79 30 38 51 84 25 71 73 30 48 60 15 36 N 60 70 43 84 44 F 23 46 49 22 37 70 L 61 44 39 M 35 D 43 16 99 61 29 84
63 67 88 30 N 235 25 31 10 48 7 36 56 26 16 31 73 30 26 56 11 41 54 73 A 16 77 72 71 99 B 49 55 44 15 70 22 43 79 63 98 Y 78 36 N 70 10 16 30
193 212 O 88 38 51 197 42 36 L 76 30 11 22 16 31 13 73 V 27 16 25 86 G 60 55 10 16 97 37 16 99 N 61 30 31 73 D 52 37 11 X 61 44 149
65 71 72 30 39 44 32 11 84 6 273 193 e n 273 200 1 273 94 25 70 54 73 22 77 99 11 57 79 83 72 55 A S D 31 73 N K 253 212 F W
99 73 A 30 11 22 54 16 22 79 60 37 70 M 4H? 81 22 79 30 60 O 55 30 38 51 67 55 90 71 51 73 R 61 44 36 52 73 40 71 77 55 E 16 44 43 16 72 16 A
40 88 86 16 15 60 37 36 99 77 73 66 O 47 76 84 65 15 55 44 60 40 58 29 61 72 16 83 31 11 L 94 58 31 15 66 N 40 88 37 55 W 48 30 55 10 61 30
78 39 31 29 37 Y 99 11 43 92 39 22 13 73 J? 78 G_ 44 11 43 83 11 A 40 88 37 16 30 38 51 43 16 30 11 D 60 16 26 37 61 30 27 48 83 67 70 22
84 13 79 97 23 35 25 32 79 30 41 1? 71 11 61 H 90 Y 60 84 72 16 42 39 31 X 95 49 T 84 68 35 40 58 97 68 79 72 16 43 48 82 61 22 55 78
82 11 25 31 11 60 40 71 76 79 92 89 E 61 83 68 G 44 91 16 Z 61 99 60 98 93 82 78 55 44 67 36 11 e 99 61 22 L 273 200 68 73 31 73 26 37 61 22
27 36 29 58 35 83 72 11 16 30 28 76 43 16 86 88 30 60 98 61 30 32 16 22 42 58 D 61 63 40 37 35 78 B 273 213 M 80 39 22 73 44 77 42 11 A
43 16 82 73 25 11 29 16 30 208 X X 94 30 Q 44 67 55 30 S 86 43 16 99 55 67 61 22 42 36 L 22 73 A 71 25 B 60 36 43 79 31 194
86 88 A 16 30 88 22 43 61 44 58 16 30 13 16 72 61 22 98 16 30 32 16 22 68 93 78 26 61 44 74 Y 22 42 58 O 61 83 67 16 77 43 97 35
W 16 22 58 44 92 35 Z 61 44 74 43 16 31 60 40 99 11 N 16 22 40 71 43 16 X 98 Y 43 16 22 92 70 22 38 73 22 60 30 70 25 11 37 36
44 26 92 73 R 61 63 67 55 D 42 55 44 66 63 f K 98 45 N 61 44 22 11 A G 22 16 44 X 97 36 26 37 Y 60 82 36 44 67 79 25 35
67 61 25 58 93 97 68 37 N 92 73 E 88? 44 92 55 22 40 88 67 79 42 61 77 73 42 71 Z 16 22 67 36 16 168 58 42 91 Y 83 16 44 86 30
G 61 22 81 39 W 84 30 74 88 N 41 98 61 30 32 16 22 46 70 44 92 G 31 43 55 30 22 11 13 73 22 35 44 61 79 20 12 25 84
W 16 22 76 61 23 79 15 D Y 44 68 73 99 N 39 22 40 70 99 X 66 61 T 49 98 71 30 32 16 81 70 W 11 30 16 22 99 70 W 84 63 88
73 25 74 27 25 36 A 16 98 71 97 32 16 67 16 30 23 Y 22 41 129 36 44 26 16 44 94 11 93 44 67 55 30 S D 99 11 N 90 55 76 63 16
42 84 22 40 71 24 73 97 92 73 R 84 83 47 11 16 30 60 61 22 77 74 35 92 39 22 F D 88 10 16 30 67 36 16 74 61 13 S 68 67 66 13 61 63 85
71 39 30 41 11 30 16 44 92 G 83 193 37 Y H 32 36 39 99 94 84 83 273 X 37 39 N 77 Y 22 27 36 16 31 61 37 16 44 83 11 A S B
51 73 R 16 22 37 36 F D O 71 38 51 79 43 79 31 35 E 61 44 98 61 30 32 16 22 67 70 C 46 66 16 80 73 R 48 22 46 70 22 60 16
22 94 39 29 78 36 N 27 16 30 61 44 76 Y 32 16 30 99 G 42 16 21 25 91 79 43 16 25 84 44 79 W 77 Y 44 60 40 98 55 30 27 36
0? 63 16 37 61 40 37 73 78 50 53 23 71 22 27 11 43 16 Z 88 38 51 16 71 35 44 220 55 15 72 11 30 55 10 61 25 22 73 N 44 11 A 99 55
88 16 A 11 30 61 41 68 73 72 70 L 42 70 22 S N 92 Y 22 16 51 71 43 16 15 197 98 39 43 61 44 80 73 31 O 70 76 16 99 13 39 A 11 78 39
54 61 36 F 37 70 30 26 16 22 10 16 30 43 39 76 43 16 67 55 22 38 51 79 26 37 11 30 60 F N 22 71 31 56 16 30 42 36 L 25 70 22 60 40 73
68 95 N 98 11 27 16 30 Y 44 99 70 W 16 44 27 55 72 61 30 S 86 36 72 22 73 32 16 30 77 Y 83 253 24 44 60 27 11
16 73 91 25 11 O 16 22 71 B 16 99 92 70 30 81 86 S W 36 30 16 44 81 93 Z 16 22 37 Y H 67 16 30 23 G 22 60 23 79 71 25 42 73
25 77 16 H O 24 38 51 16 S D 42 181 83 70 N 37 39 25 61 22 67 73 25 B 29 84 50 98 30 16 60 13 Y 44 16 11 22 60 16 22 41 36 73 44
55 76 49 30 42 55 22 39 M 89 N 63 66 L 18 G D 63 11 41 52 71 31 16 42 84 83 77 G 31 77 73 76 16 54 61 30 60 S N 88 B 48 H 37 Y 99 13
36 63 260 36 90 73 77 73 J? 78 16 N 60 F 61 72 16 60 31 11 41 39 10 40 88 40 39 22 38 51 16 44 S D 37 11 30 60 16 30 58 22 29 16 30 22 36 44 215 88 22
60 16 30 43 71 22 60 16 30 73 26 61 22 O 61 72 16 44 37 73 U? 79 63 37 16 54 61 22 S W 44 84
42 88 31 43 27 16 30 71 73 99 38 51 16 30 18 11 32 16 30 76 16 Z 84 H 88 22 43 67 84 25 38 73 R 61 44 46 39 22 26 16 22 98 61 22 71 B 16 H
80 39 30 53 50 91 G 32 16 42 11 H 43 16 82 61 22 13 35 78 26 79 31 42 11 L 32 16 56 V 28 H 61 74 79 30 Z 58 76 79 25 99 16 29 26 55 10 43
16 30 16 27 16 26 37 16 30 32 16 22 71 83 26 65 16 74 73 78 88 60
11 73 31 58 73 22 32 16 56 38 73 44 38 78 71 74 73 37_ 39_ W 126 153 27 36 74 16 22 77 73 R 61 97 41 72 71 22 37 36 16 76 70 99 41 13
11 16 40 71 50 16 99 26 54 61 72 16 22 37 16 30 27 16 22 2 45 76 74 36 16 188 42 36 A 95 63 66 21 25 79 39 H 11 55 22 38 16 31 16 56 16 22
3 56 88 Z 16 30 53 78 70 26 52 84 36 56 38 78 16 71 11 X 84 63 88 48 30 O 55 L 16 49 4#? XX 76 G 78 79 72 25 73 21 97 26 40 61
22 81 39 W 97 16 53 70 W 71 10 79 97 174 43 16 10 84 22 27 70 30 90 88 Y 22 61 76 30 71 38 51 16 72 61 30 99 G 72 16 44
98 73 H 79 83 42 11 A 76 25 36 22 43 16 44 98 11 U? H# 27 73 N 73 72 63 55 H 61 74 42 39 W 43 16 10 61 22 37 61 44 16
13 31 71 30 67 79 D 73 76 36 54 16 44 86 Y 22 60 77 82 70 15 10 79 65 95 Z 16 30 43 16 X 16 21 61 44 92 39 63 13 X? 11 N 44 11 A 90 88 71 76
16 25 Y 99 16 22 77 73 22 32 16 25 44 79 30 Z 46 16 77 122 37 11 32 16 30 92 71 22 23 26 F W 42 214 67 16 30 27 55 44 77 73 76 55
15 60 79 30 39 78 72 36 25 37 11 46 16 30 39 22 43 16 99 70 22 43 26 36 Z 67 36 79 200 63 16 42 61 22 40 47 188 43 61 21
16 83 37 11 H 98 93 72 66 44 74 36 N 32 16 30 86 Y 22 60 98 16 99 D 49 97 91 Y 13 55 E 22 36 70 44 32 37 16 30 60 68 89 90 71 42 S 86 76 30 88 N
68 11 D 40 37 11 X 61 44 65 71 72 30 268 43 16 86 70 Z 42 70 D 49 60 13 36 N 37 16 22
32 16 44 98 16 30 32 61 44 79 30 O 52 88 77 16 72 61 22 90 24 98 70 30 60 16 22 72 16 A 79 44 67 70 C 27 36 61 38
73 22 36 71 38 60 11 73 22
83 36 30 43 16 22 60 74 79 72 16 30 86 71 54 78 11 N 16 30 55 99 13 10 Y 25 1? 80 78 73 81 12? 16 22 76 88 30 43 93 27 16 25 71 79
N 60 61 43 61 J? 79 72 16 83 67 55 44 77 11 16 48? 72 84 65 24 73 44 42 11 22 32 16 44 40 88 85 71 55 80 92 16 22 91 30 36 61 29 16 H 87 99 77 40
88 64 84 65 67 16 22 28 44 67 61 30 55 H 16 30 13 Y 83 51 73 22 10 44 82 55 91 16 22 68 11 16 45 W 22 62 76 25 71 80 92 28 31 46 48
30 77 Y 60 61 63 92 87 83 S N 71 73 42 23 G 44 60 36 72 25 92 Y 22 X 55 67 16 43 48 J? 49 82 79 83 67 70 44 80 99 73 81 53 16 22 10 88
43 58 48 N 41 49 37 11 15 60 90? 72 S 13 61 22 88 44 96 67 16 81 82 73 78 60 X 99 16 N 41 76 48 13 49 26 52 13 Y 22 86 73 30 Z 16 22 S 98
55 10 61 30 36 O 42 36 A oo s 57 28 M 193 o 273 212 91 79 15 16 43 26 79 W 66 Z 55 10 16 25 67 11 61 72 70 74 16 67 70 40
98 36 X 16 22 67 55 P 13 36 16 87 15 77 73 71 73 22 32 61 42 86 Y 44 60 67 61 30 67 28 11 22 43 71 70 30 22 61 77 73 44 36 O 13 11 N 84 25 Z
86 216 98 73 21 78 43 61 72 84 22 40 55 W 30 Y 32 49 97 99 55 31 26 40 71 16 30 Z 37 11 16 32 61 30 42 70 22 P 23 16 15 94
84 65 43 16 26 39 72 44 G_ 31 43 16 22 73 R 16 22 37 16 30 32 16 83 92 62 22 67 39 44 67 11 16 86 30 36 16 W 16 22 36 60
40 73 1 273 193 71 73 44 o 6 60? 92 73 53 B 61 83 98 16 30 10 84 63 S N Y 31 79 J? 70 22 60 90 16 40 37 11 X 16 44 O 88
38 51 82 S W 16 44 91 73 P 84 42 39 22 67 16 42 81 39 W 67 55 42 62 83 88 76 79 97 43 16 21 61 44 92 70 22 S 50 37
61 30 B 16 22 68 79 30 T 16 22 68 73 H 16 63 S D 13 G_ 22 41 67 11 79 37 84 43 61 55 M 34 N 74 73 76 73 74 67 70 W 42 55 44 42 11 L 98
62 43 48 31 81 86 79 30 32 48 83 31 73 D 22 36 A 67 39 25 11 22 86 73 30 26 51 73 R 61 83 92 39 22
27 37 P 36 N 37 16 54 84 44 67 79 W 86 Y 22 60 13 40 88 77 70 R 84 M 43 16 72 61 22 27 84 P 160
39 76 18 16 77 61 83 21 G_ 26 92 Y 44 193 212 Z 88 38 51 16 S W 67 61 31 43 55 25 31 36 74 73 31 16 22 31 16 72 56
79 31 S N 27 70 P 38 73 E 16 83 27 73 58 16 30 79 22 27 16 30 44 92 70 22 X 99 Y 63 95 43
68 73 76 70 15 26 39 76 16 25 67 49 97 122 92 73 42 76 26 77 73 H 188 S T 39 H 61 81 71 31 38 26 16 22 71 22 60 16
30 41 72 F W 23 88 25 78 11 N 91 61 55 22 60 18 73 25 60 84 26 67 48 65 V 13 66 D J? 99 Y 44 66 29 67 88 30
N G_ 22 16 44 40 84 31 55 22 32 16 30 22 37 49 43 52_ 88 129 90 71 16 30 72 16 10 16 22 81 71 W 11 30 48 26 37 61 30
32 61 44 73 76 11 D 55 10 79 25 42 99 Y N 14 73 72 78 + 31 73 N 71 73 25 77 122 18 11 32 49 30 51 71 31 50 26 42 36 A
188 26 30 Q 22 39 H Y 44 S 86 147 43 16 72 16 22 74 73 H 67 39 30 S 23 79 30 37 70 30 41 16 11 D 76 61 23 79 78 N f?
37 11 H 42 11 N S 23 77 73 78 N 79 31 86 39 78 39 15 40 Y 60 43 16 23 70 Z 82 62 99 94 79 31 J?
188 26 30 Q 22 39 H Y 44 S 86 147 43 16 72 16 22 74 73 H 67 39 30 S 23 79 30 37 70 30 41 16 11 D 76 61 23 79 78 N f?
37 11 H 42 11 N S 23 77 73 78 N 79 31 86 39 78 39 15 40 Y 60 43 16 23 70 Z 82 62 99 94 79 31 J?
93 76 30 36 Z 16 25 82 73
72 16 22 27 89 30 23 36 O 92 35 E 84 83 91 61 30 11 D 60 16 41 67 70 W 84 25 32 48 44 65
49 Z 88 73 83 77 Y 22 16 42 191 61 26 98 70 M 42 62 22 18 11 32 16 30 72 73 99 41 48 44 36 22 27 16 22 86
16 43 61 77 70 38 51 43 84 J? 36 38 51 16 26 72 79 L 84 37 16 15 N 61 25 71 48 65 42 Y 22 60 49 42 36 A
13 G 44 61 22 71 73 15 38 51 79 30 22 83 88 22 57 16 21 30 67 70 W 99 70 22 26 71 73 C 72 70 27 16 99 61 22
77 73 13 70 D 74 48 22 78 S 84 83 10 71 97 43 90 71 O 16 22 46 11 29 36 O G 83 40 71 22 16 42 84 31
46 70 13 16 15 76 Z 85 58 28 30 60 11 16 25 90 88 77 71 N 16 22 66 Z S D 22 62 N 56 123 40 88 25 70 22 60 90
73 43 16 52 73 29 16 22
