# scan 0023 (folio number "16" at top right), letter to the Landgrave ("Durchleuchtiger Hochgeborner Gnädiger
# Fürst und Herr"); marginal date "Febr. 1637".
# Groups separated by spaces; capital letters are letter signs; clear words in {braces}; ' = dot above the group;
# ? = doubtful reading; # = crossed sign; _ = underlined. The ordinary H sign has a crossbar and is given as H.
# block 1 (after "... durch beygelegte verpflichtung heraus gegeben,")
{heraus gegeben,} 98 79 78 N 16 84 25 39 10 48 30 31 58 22 56 61 97 S 13 27 49 42 23 58 83 27 70 57 16 44 60 {,} 27 55 77
72 84 97 42 28 83 O Y 31 83 11 94 48 B 49 80 94 95 71 84 42 61 63 41 81 30 35 88 11 70 22 46? 66 97 16 94 13 G_ 27 66 74 81 64 96 11
30 61 60 {Und} 44 36 D 26 13 79 48 O 61 21 49 63 18 95 99 98 11 25 55 10 61 30 47 84 97 42 Y 44 49 22 27 55 W 46 70 77 18 73
97 L 79 T 16 19 96 66 71 84 42 61 22 60 83 58 97 27 66 16 24 79_ 97 43 16 15 60 24 83 43 48 47 89 97 27 36 49 10 84 50
61 15 13 72 55 91 16 65 62 31 43 61 82 61 98 Y 99 77 G_ 22 49 82 55 44 41 J? 30 11 23 60 f_ 29_ 16_ 15_ 66_ 27 32 16 97 21 61 A 16
27 55 31 P 71 48 30 12 23 15 11 N 26 61 94 79 25 13 66 D 39 H 49 74 73 37 35 78 97 Y 26 39 15 13 37 48 29 16 22 12 50
16 30 60 84 74 35 36 57 72 66 44 {Und} 72 16 25 90 66 82 61 31 32 30 F 50 54 48 72 49 83 90 58 76 16 40 55 15 79 22
O? 62 H 79 29 16 50 70 22 54 61 31 84 52 71 15 35 74 48 83 f 71 79 30 16 72 25 71 22 54 61 44 52 58 29 61 10 49 44
28 22 27 11 84 91 48 50 49 15 13 21 55 91 49 97 77 93 27 55 77 95 30 11 43 61 S 86 27 16 30 25 Y 13 84 26 21 24 83 37 58
97 22 61 83 16 30 11 Z 39 76 84 97 {bis dato} 83 66 30 29 16 83 94 13 52 58 90 58 10 30 11 22 29 61 63 74 73 83 27 61 65 22 98
Y 74 48 26 32 66 61 71 22 29 16 Z 11 56 61 23 58 30 15 G_ 60 61 90 24 76 16 90 70 15 16 44 88 44 74 39 83 77 Y 42 49 30
76 Y 60 74 66 N 90 18 55 97 1_ 60 25 Y D 74 26 F 50 30 16 38 72 44 58 63 43 82 61 30 90 58 54 16 10 84 83 3?
35 N 27 48 25 54 16 Z 70 15 60 27 55 13 18 16 22 27 49 30 92 73 44 11 54 27 66 49 51? 73 O 61 83 83 66 41 10 16
52 55 15 79 31 37 35 99 26 49 79 84 15 10 11 54 16 39 15 13 27 70 22 55 44 67 84 31 48 30 X 66 49 22 16 44 26 61 31
5? 60 25 G_ N 13 94 39 91 43 61 92 58 25 94 90 61 26 18 84 30 32 84 83 77 35 99 94 49 22 98 66 97 10 10 16 25 24 23 40 11 16
37 Y 13 84 77 73 15 X 61 83 11 60 39 31 22 61 57 48 22 46 35 23 50 79 22 77 93 22 32 49 30 83 21 70 15 60 79 83 32 55 71 93 97
46 28 74 61 25 58 61 75 {struck: 42? 73} 29 48 24 16 30 J? 97 Y 10 58 63 29 39 H 16 22 X 39 27 49 44 90 58 40 70 15 16 83 X 58
99 27 11 29 13 G_ O 16 38 51 16 22 55 15 74 73 11 49 32 61 25 76 25 71 72 84 98 11 P 16 22 44 36 26 18 35 56 11 26 37 66 25
36 72 83 90 18 95 83 29 84 83 37 73 H 16 83 {Und} 76 84 50 11 22 27 84 44 83 71 83 11 31 52 16 25 94 72 70 41 27 55 74 18 95 97
42 36 60 G_ 44 16 57 23 30 70 22 60 52 93 13 84 83 54 16 72 70 83 40 61 15 94 72 28 76 49 44 {; Aufsatz?}
{Befehl habe ich auch} 76 Y 120 67 24 30 N 27 16 83 122 {Und} J? 79 B 84 25 22 58 56 10 79 25 15 16 29 58 83 43 32 61 97
95 42 88 84 30 23 15 35 W 48 83 16 22 27 16 38 49 56 76 86 84 H 11 43 43 79 37 16 74 61 83 61 H#? 60 25 Y D 13 60
{:} 27 70 56 11 26 57 55 83 46 66 49 39 83 43 16 22 84 31 16 18 49 98 48 30 76 24 22 29 61 83 42 35 N 26 84 63 S P 50 58
97 49 63 70 H 16 30 21 55 83 60 51 30 11 16 51 77 31 73 L_ 71 25 23 26 95 83 52 Y 94 84 63 82 48 30 10 G X 62 {struck: B 49 44}
{Und} 67 16 22 73 73 25 11 O 16 44 18 70 30 32 84 22 76 61 25 54 56 11 26 77 Y 22 61 57 191 F N 22 16 57 16 44 92
35 22 60 84 46 55 63 188 16 Z# 70 60 S 50 27 36 16 54 79 15 32 84 25 29 61 42 70 N 26 {Und} J? 35 63 73 30 32 30 16
37 73 52 71 74 11 16 39 83 54 16 37 61 22 32 27 26 19 61 25 27 79 83 74 73 15 60 48 22 29 61 43 16 10 84 83 21 16
A? 48 83 {gefangen gehalten, darauf gibt er gar antwort, dass er} {struck: erstlich?} {tage} 27 16 97 39 W 11 29 31 55 26 66 73 83 58 73 83
15 6? {gegenwärtig werden?, Und wenn man} 36 72 31 23 25 70 29 60 73 10 56 55 22 32 39 44 F D S 86 27 61 83 51 71 31 23
41 95 43 48 63 79 25 O 84 44 42 39 25 94 33 27 49 25 S 60 25 Y N 77 26 54 79 37 11 74 56 16 38 72 60 66 54
74 Y 22 92 73 83 26 16 77 35 52 11 72 79 94 56 70 83 32 36 84 X 71 15 27 48 30 44 77 35 97 29 49 39 15 19? 73
42 70 22 S 23 32 66 79 54 84 99 27 16 30 92 G_ 31 29 16 37 11 P_ 84 44 79 O 39 94 52 58 56 70 N 84 44 21 55
10 16 {Und solches Und so viel destomehr weil ein starck geraidt gehet} 28 15 13 37 70 84 G_ G_ Y 22 48 83 Z#? 11
H O 39 83 41 S 23 n? 57 73 83 39 26 29 84 56 55 N 94 72 16 L_ 48 {Und} 46 70 77 F F {Und} 189 90 58
39 30 26 25 79 94 36 83 12 95 38 19 28 97 46 69 90 58 77 70 R 16 44 92 73 E 79 31 {Und} 27 55 13 16 15 10 O 50 30
36 61 32 84 83 94 97 89 80 96? 66 25 48 44 13 35 15 26 84 83 32 70 22 52 58 128 72 73 30 16 26 56 55 44 58 35 44
92 Y 22 48 42 29 49 77 62 83 60 16 44 27 61 30 67 79 74 18 84 29 84 83 27 70 21 11 83 92 35 R 16 22 13 35 15 94 49 {60?}
{Will man auch sagen} 76 39 74 12 73 83 74 32 84 99 55 34 58 70 30 44? 61 90 24 O 61 A 11 44 87 83 51 35 R 84 44 77
G_ 31 {Und} 80 73 E 11 W 66 73 63 F_ 23 56 70 30 29 54 97 28 T_ 13 11 43 42 47 44 41 48 22 58 89 44 91 30 70 22 27 49 83
# end of the scan (the letter continues on the next leaf; no date or signature on this page).
# notes: "n?" (line H O 39 ...) is a small lower-case n-like sign; "E" is a capital E-like sign with a stroke;
# "{60?}" at the end of the R 16 22 ... line is a faint 60/6o written after the line; "L_ G_ T_ F_" have a bar/underline.
# "{struck: ...}" = groups crossed out by the writer (not counted as text).
