# f. 3 (HCPortal 496), Malsburg to the Kassel councillors, 5/15 Jan 1637. One cipher line per scan line.
# Groups separated by spaces; capital letters are letter signs; clear words in {braces}; ' = dot above the group;
# ? = doubtful reading; / marks a line break inside the scan.
{gemachet,} 27 39 13 95 N F D 44 89 N 83 11 41 37 G 68 18 35 82 48 97 71 73 30 88 44 P 13? 30 61 29 70 25 83 95 13 35 63
79 31 72 36' 25 83 16 D Z 46 84 97 58 44 41 84 97 21 39 15 96 82 48 65 13 89 36' 83 23 25 71 N 60 {Und} 201 91 49 O 6?
82 84 94 43 79 63 73 R 48 31 18 48 30 27 84 44 77 73 H {das} 46 66 84 80 73 44 60 25 69 76 24 60 69 45 63 16 74 71
35 42 81 15 39 L 61 63 15 55 83 27 84 13 35 18 93 99 28 15 82 11 25 39 99 68 36 83 239 G 63 79 63 46 16 82 70 10 16 22
{Und} 37 36' 97 94 57 55 44 63 58 31 56 84 30 39 H 48 42 35 22 62 94 S 23 + 60 57 87 31 193 {Und} f 273 55 63
210 90 18 73 99 50 4# 71 95 25 41 84 99 38 39 W 16 99 11 X 84 58 95 25 26 16 78 18_ G_ H 27 95 84 71 83
94 16 30 75? T 66 80 69 30 79 97 27 71 12 81 84 15 26 19 73 R 36 77 91 49 92 35 R 48 63 {Und} 144 C 25 Y' X 9?
21 39 76 16 31 {; Es sitzet auch itzo ein Capitain vom feind Doctor ...}
# postscript block (below "Der Herren Dienstwilliger")
79 74 36 Z 22 73 N 52 Y 94 27 39 13 57 55 83 77
95 D 10 G 42 92 35 44 11 43 58 93 63 88 63 43 49 65 63
55 83 29 84 91 61 18 48 29 16 22 27 84 97 50 97 95 27 79 44 68 41 30 70 19 60 87 94 16 31
{Und} 77 39 99 58 71 42 80 35 44 32 71 19 94 58 56 24 35 65 H# 29 16 74 39 83 26 79 44
83 70 N 128 74 73 H 66 38 36 94 11 30 84 176 37 66 97 94 73 22 79 140 31 11 26
39 31 50 70 22 54 16 22 90 71 94? 30 55 19 26 11 30 79 31 S 23 32 36 74 79 56 36 26
40 11 54 84 57 52 71 54 O 48 7? 61 26 29 55 30 91 36 16 15 32 79 30 73 18 49 43 61 63
10 84 L 70 29 16 21 73 N 83 7? 26 36 43 77 Y 83
