# scan 0028 (folio number "19" at top right), letter to the Landgrave ("Durchleuchtiger Hochgeborner Gnädiger
# Fürst und Herr"); later pencil date at top left "28 März 1637". Almost the whole page is cipher.
# Opening clear: "Ich bin gestern abent [in] Stadt Lobalstein? wieder glücklich angelangt Und habe E. F. G. gnädiges
# schreiben vom 1. [sign] Und 5. [sign] huius vet. [...] das erste den 10. [sign] in duplo, das ander aber den 24.
# [sign] huius vet. in simplo ankommen, dort mich funden,"
# Groups separated by spaces; capital letters are letter signs; clear words in {braces}; ' = dot above the group;
# ? = doubtful reading; # = crossed sign; _ = underlined. The ordinary H sign has a crossbar and is given as H.
# {/:} and {:/} are the writer's parenthesis marks. Lower-case e, n = small lower-case signs as written.
18 73 78 41 79 56 66 D 44 88 22 90 37 70 30 98 35 21 99 74 93 76 55 15 60 42 11 A H# 26 30 Q 31 58 35 83 82 66 16 25 S 86 42 39 N 61 65 {Und} 40 24 99 55
22 60 98 Y H#? 27 71 22 51 79 30 38 51 84 25 71 73 30 48 60 15 36 N 60 70 43 84 44 F 23 46 49 22 37 70 L_ 61 44 39 M 35 D 43 16 99 61 29 84 63 67 88 30
N 235 28 31 10 48 7 36 56 26 16 31? 73 30 26 56 11 41 54 73 A 16 77 72 71 99 B 49 55 44 15 70 22 43 79 63 98 Y 78 36 N 70 10 16 30 193 212 O 88
38 51 {Und} 197 42 36 L 76 30 11 22 16 31 13 73 V 27 16 25 86 G_ 60 55 10 16 97 {/:} 37 16 99 N 61 30 31 73 D 52 37 11 X 61 44 149 {Und} 65 71 72 30 39 44 32 11
84 6 273 193 e n 273 200 {Und} 1? 273 94 25 70 54 73 22 77 99 Π? 54 79 83 72 55 A S D 31 73 N K 253 212 F W 99 73 A 30 11 22 54 16 22 79 60 37 70 M? 4#?
81 23 79 30 66 O 55 30 38 51 67 55 90 71 51 73 R 61 44 {:/} 36 52 73 40 71 77 55 E 16 44 43 16? 72 16 A {Und} 40 88 86 16 15 60 37 36 99 77 73 66 O 47 76 84 65
15 55 44 69 40 58 29 61 72 16 83 31 11 L_ 94 58 31 15 66 N 40 88 37 55 W 48 30 55 10 61 30 78 39 31 29 37 Y 99 11 43_ {Und} 92 39 22 13 73 J? 78 G_ 44 11
43 83 11 A 40 88 37 16 30 38 51 43 16 30 11 D 50 16 26 37 61 30 27 48 83 67 70 22 84 13 79 97 23 35 25 32 79 30 41_ 1? 71 11 61 H 90 Y 60 84 72 16
42 39 31 X 93 43? L? 84 68 35 40 58 97 68 79 72 16 43 48 82 61 22 {Und} 55 78 82 11 25 31 11 60 40 71 76 79 92 89 E 61 83 68 G 44 91 16 Z 61
99 60 {Und} 98 93 82 78 55 44 67 36 11 e 98 61 22 L 273 200 68 73 31 73 26 37 61 22 27 36 29 58 35 83 72 11 16 30 28 76 43 16 86 88 30 60 98 61 30 32
11? 22 42 58 D 61 63 40 37 35 78 B 273 213 M 80 39 22 73 44 77 42 11 A 43 16 82 73 25 11 29 16 30 208 {Und} XX 94 30 Q 44 67 55 30
S? 26? 43 16 99 55 67 61 22 {Und} 42 36 L 22 73 A 71 25 B 60 36 43 79 31 194 {Und} 86 88 A 16 30 88 22 43 61 44 58 16 30 13 16 72 61 22 98 16 30
32 16 22 68 93 78 26 61 44 {)} 74 Y 22 42 58 O 61 22 67 16 74 43 97 35 W 16 22 58 22 92 35 Z 61 44 74 43 16 22 60 40 99 11 N 16 22 40 71 43
16 X 98 Y 43 16 22 {Und} 92 70 22 38 73 22 60 30 70? 25 11 37 36 44 26 92 73 R 61 63 67 55 D_ 42 55 44 66 63 f {oder?} K 98 45 N 61 44 22 11 A
G_ 22 16 44 X 97 36 26 37 Y 60 82 36 44 67 79 25 35 67 61 25 58 93_ 97 68 36 N 92 73 E 84 44 92 55 22 40 88 67 79 42 61 77 73 42 71 Z 16 22
67 36 16 168 58 42 91 Y 83 16 44 86 30 G 61 22 81 39 W 84 30 74 88 N 41 98 61 30 32 16 22 46 70 44 92 G 31 43 55 30 22 11 13 73 22 35 44
61 79 20 12 25 84 W 16 22 76 61 23 79 15 D Y 44 68 73 99 N 39 22 40 70 99 X 66 61 T 49? 98 71 30 32 16 81 70 W 11 30 16 22 99 70 W 84 63
88 73 25 74 27 25 36 A 16 98 71 97 32 16 67 16 30 {struck: 23} Y 22 41 129 36 44 26 16 44 94 11 93 44 67 55 30 S D 99 Y N 96 55 76 63 16 42
84 22 {Und} 40 71 24 73 97 92 73 R 84 83 47 11 16 30 60 61 22 77 74 35_ 92_ 39_ 22 F D 58 10 16 30 67 36 16 74 61 13 S 68 67 66 13 61 63
85 71 39 30 41 11 30 16 44 92 G_ 83 193 {/:} 37 Y H 32 36 39 99 94 84 83 273 X 37 39 N 77 Y 22 {Und} 27 36 16 31 61 37 16 44 83 11
A S B 51 73 R 16 22 {:/} 37 36 F D O 71 38 51 79 43 79 61 35 E 61 44 98 61 30 32 16 22 67 70 C 46 66 16 80 73 R 48 22 46 70 22
60 16 22 94 39 29 78 36 N 27 16 30 61 44 76 Y 32 16 30 99 G_ 42 16 21 25 91 79 43 16 25 61 44 79 W 77 Y 44 60 40 98 55 30 27 36
0? 63 16 37 16 40 37 73 78 50 53 23 71 22 27 11 43 16 Z 88 38 51 16 71 35 44 220 55 15 72 11 30 55 10 61 25 22 73 N 44 11 A 99 55
88? 16 A 11 30 61 41 68 73 72 70 L? 42 70 22 S N 92 Y 22 16 51 71 43 16 15_ {Und} 197 98 39 43 61 44 80 73 31 O 70 76 16 99 13
{Und} 39 A 11 78 39 54 61 {Und} 36 F 37 70 30 26 16 22 10 16 30 43 39 76 43 16 67 55 22 38 51 79 26 37 11 30 60 F N 22_ 71_ 31_ 56 16 30
42 36 4#? 25 70 22 60 40 73 68 95 N 98 11 27 16 30 Y 44 99 70 W 16 44 27 55 72 61 30 S 86 36 72 22 73 32 16 30 77 Y 83 253
{Hinnestadt?, Zumarkes?,} 24 44 60 27 11 16 73 91 25 11 O 16 22 71 B 16 99 {Und} 92 70 30 81 86 S W 36 30 16 44 81 93 Z 16 22 {/:} 37
Y H 67 16 30 23 G_ 22 60 23 79 71 25 42 73 25 77 16 H {Und} O 24 38 51 16 S D 42 181 83 70 N 37 39 25 61 22 67 73 25 B 29 84
50 98 30 16 60 13 Y 44 16 11 22 60 16 22 41 30 73 44 55 76 49 30 42 55 22 39 M 89 N 63 66 L_ 18 {struck: 44} G D {:/} 63 11 41 52 71 31 16 42
84 83 77 G 31 77 73 76 16 54 61 30 66 S N 88 B 48 H 37 Y 99 13 36 63 260 36 90 73 77 73 J? 78 16 N 60 F 61 72 16 60 31 11 41
39 10 40 88 40 39 22 38 51 16 44 S D 37 11 30 60 16 30 58 22 29 16 30 22 36 44 215? 88 22 60 16 30 43 71 22 60 16 30 73 26 61 22
O 61 72 16 44 37 73 J? 79 63 {; Aber das alles so muss zu fordern? Und sonderlich} 37 16 54 61 22 S W 44 84 42 88 31 43
27 16 30 71 73 99 38 51 16 30 {Und} 128 11 32 16 30 76 16 Z 61 H 48 22 43 67 84 25 38 73 R 61 44 46 39 22 26 16 22 98 61 22 71 B 16 H {Und} Z_?
80 39 30 53 50 91 G 32 16 42 11 H 43 16 82 61 22 13 35 78 26 79 31 42 11 L 32 16 56 V 28 H 61 74 79 30 Z 58 76 79 25 99 16 29 26 {Und} 55 10 43 16
30 16 27 16 26 37 16 30 32 16 22 {welches das seinen zu schreiben nach mässig lagers wieder alhier sein} 71 83 26 65 16 74 73 78 88
60 11 73 31 58 73 22 32 16 56 38 73 44 38 78 71 74 73 37 39 W 126_ {Und} 153 27 36 74 16 22 77 73 R 61 97? 41 72 71 22 {Und} 37 36 16 76 70 99
41 13 11 26 40 71 50 16 99 26 54 61 72 16 22 37 16 30 27 16 22 2? 45 76 74 36 16 188 42 36 A 95 63 66 21 25 79_ 39_ H_ 11 55 22 38 16
31 16 56 16 22 3? 56 88 Z 16 30 53 78 70 26 52 84 36 56 38 78 16 71 11 X 84 63 88 48 30 O 55 L 16 49 4#? XX 76 G 78 79 72
25 73 28? 97 26 40 61 22 81 39 W {Und} 97 16 53 70 W 71 10 79 97 174 43 16 10 84 22 {Und} 27 70 30 90 88 Y 22 61 76 30 71 38 51
16 72 61 30 99 G 72 16 44 98 73 H 79 83 42 11 A 76 25 36 22 43 16 44 98 11 J? {des Bauern? gros} H 27 73 N 73 72 63 55 H 61 74
42 39 W 43 16 10 61 22 {/:} 37 61 44 16 13 31 71 30 67 79 D 73 76 36 54 16 44 86 Y 22 60 77 82 70 15 10 79 65 95 Z 16 30 43 16 X
16 21 61 44 92 39 63 {/:} 13 11 N 44 11 A 90 88 71 76 16 25 Y 99 16 22 77 73 22 32 16 25 44 79 30 Z 46 16 77 122 37 11 32 16 30
92 71 22 23 26 F W 42 214 67 16 30 27 55 44 77 73 76 55 15 60 79 30 39 78 72 36 25 37 11 46 16 30 39 22 43 16 99 70 22 43 26 36 Z
67 36 79 200 63 16 42 61 22 {Und} 40 47 188 43 61 21 16 83 37 11 H {Und} 98 93 72 66 44 74 36 N 32 16 30 86 Y 22 60 98 16 99 D 49
97 91 Y 13 55 E 22 {weil auch} 36 70 44 32 37 16 30 60 68 89 90 71 42 S 86 76 30 88 N 68 11 D 40 37 11_ X_ 61 44 65 71 72 30 {Und}
268 43 16 86 70 Z 42 70 D 49 60 13 36 N 37 16 22 32 16 44 98 16 30 32 61 44 79 30 O 52 88 77 16 72 61 22 {Und} 90 24 98 70 30
60 16 22 72 16 A 79 44 {;} 67 70 C 27 36 61 38 73 22 36 71 38 60 11 73 22 {meines dort Verhaltens Und unsers jüngsten ...}
{... abschreiben nach, so in duplo ... zu erfordern} {/} 83 36 30 43 16 22 60 74 79 72 16 30 {Und} 86 71 54 78 11 N 16 30
55 99 13 10 Y 25 1? 80 78 73 81 72 16 22 76 88 30 43 93 27 16 25 71 79 N 60 61 43 61 J? 79 72 16 83 67 55 44 77 11 16 16 72 84 65
24? 73 44 42 11 22 32 16 44 40 88 85 71 55 80 92 16 22 91 30 36 61 29 16 H 87 99 77 40 88 64 84 65 67 16 22 28 44 67 61
30 55 H 16 30 13 Y 83 51 73 22 16 44 {Und} 82 55 91 16 22 68 11 16 46 W 22? 62 76 25 71 80 92 28 31 46 16 30 77 Y 60 61 63
92 87 83 S N 71 73 42 23 G_ 44 60 36 72 25 92 Y 22 X 55 67 16 43 48 J? 49? 82 79 83 67? [hole] 70? 44 80 99 73 81 53 16 22 10 88 30 43
# end of the scan (hole in the paper after "83 67?"; the duplicate f. 30 reads "83 67 70 44" here; below the last line only show-through from the verso). No date or
# signature on this page; the letter presumably continues on scan 0029.
# notes: "e n" (line 84 6 273 ...) = two small lower-case signs; "Π?" = a gate/pi-like sign; "K" = a K-like sign;
# "88?" at a line start is blotted (the duplicate f. 30 has 88); "0?" = a small circle at line start; "2? 3? 4?" = lone single figures;
# 3-digit groups as written: 126_ 128 129 149 153 168 174 181 188 193 194 197 200 208 212 213 214 215? 220 235 253 260 273.
