# cipher runs of the Szembek-papers postscript, from runs.tsv (tokens only; clear endings kept)
203 is
42 14 49 21 46 21 21 46 50 12 21
25 23 46 51 42 14 25 21
24 ui
14 41 13
17 49 46 46
42 13 51 12 e 51 46 20
17 m 25 49 e 19 46
21 y 51 42 e 23 e
25 23 13 42 e 21 21 46 50 us
23 14 42 20 17 50
42 44 23 46 21 20 46 17 51 17 50
42 13 51 21 42 46 en 20 46 17 50
25 23 13 42 e 43 46 50 12 21
25 23 13 42 14 43 14 mus
42 44 23 46 21 20 46 17 ni
41 14 23 17 51 20
51 13 29 46 21 42 u 50
25 23 13 42 14 43 ant
50 46 21 14 23 17 51 20
51 13 21
21 13 49 46 42 46 20 17 12 14 rant
50 12 21
13 44
17 12 43 46 2 et
43 14 20 23 17 42 20 13 23
29 12 23 41 12 51 43 us
17 51 20 46 43 46 12 21
43 12 51 13 43
25 er 40 46 43 13
25 23 13 43 46 20 13 23 14
202
51 13 29 46 21
46 21 20 46
25 17 20 23 46 15
25 46 15
m 14 m 13 23 46 15
40 12 51 42 20 21 m
25 23 46 42 46 25 14 m
21 14 23 29 17 51 12 m
21 14 43 12 19 46 20
43 14 42 14 25 20 46 13 51 46 29 us
13 29 12 13 49 12 tis
42 23 14 43 ens
42 13 51 21 46 49 46 17
23 14 21 25 12 ens
51 13 21
50 46 21 14 23 17 50
25 17 20 23 46 17 50
46 51 20 23 46 42 17 12 it
43 46 40 40 46 42 12 49 20 17 tes
46 51 20 e 49 49 46 41 eretis
25 23 13 50 46 21 21 46 13 nes
17 12 49 17
43 14 40 12 51 42 20
25 23 46 51 42 46 25 46
44 46 51 42
43 14 49 17 20 46 13 nes
40 17 49 21 17
42 13 50 25 er 20 17
12 46 51 43 46 42 20 17 50
21 12 50 17 20
41 14 41 14 51 29 e 46 13
13 42 42 46 21 12 21
42 17 25 12 20
44 13 51 13 23 17 23 46 46
41 14 41 14 n 29 14 46 46
41 46 20 y 48
13 23 46 en 20 14
13 25 e 23 a 20 12 23
