# R902, MNL OL G15 Caps. C. Fasc. 39 p. 278 (DECODE image 4844 = R902_p2.png), lines 10-18 of 19.
# Fresh transcription from the image, 30 Sept 2026 (deskewed -3.1 deg, read at 2-3x).
# Hand: 1 = dotless i (DECODE '1^.'), 2 = looped a-shape, 5 = long-s shape (DECODE '3^'), 7 = gamma with descender,
# 9 = q-shape, 8 = z-shaped. '_' = number underlined in the manuscript; '?' = doubtful reading.
# Line-initial groups (107, 109, 113, 125, 127, 99, 670) and line-final 5xx groups behave as fillers.
107 30 321 218 295 27 424_ 315 381 142 98 296 343 19 293 66 382 39 257 255 17 362
125 173 257 161 428 407 174 435 124_ 407 83 380 66 258 228 181 123 44 173 257 507 582
670 112 173 150 81 405 255 44 176 45 166 100 356 17 312 67 437 413 439 196 343_ 150
113 173 223 114 351 196 321 371 439 160_ 39 407 135 130 356 129 312 176 102 349 119
107 342_ 35 130 264 252 174 257 507 129 411 67 152 192 98 350 14 194 175 257 517 587
99 195 197 312 372 18 173 381 379 14 363 214 205 195 292 83 248 258 212 30 75
312 339 123_ 360 77 14 236 81 257 260 140 98 406 507_ 90 313 18 37 94 79 363 275 18
127 328 497 196 212 104 192 81 178 462 93 66 298 44 257 100 244 398 83 125 587
109 104 77 424 344_ 215 90 16 361 45 324 15 85? 107 4 129 567 103 113 5 609 563
