# HStAM 118 a Nr. 3954 f. 4 (HCPortal media 1449). Pass 1 transcription, one manuscript line per row.
# The top strip of the image repeats the last line of f. 3 (the leaves overlap); not transcribed again.
# "Ew Chl." = clear-text address inside line 17. Corrections: L05 struck 9x with 7 written above -> 7;
# L13 struck 97 with 8 written above -> 8.
L01: 426 65 133 24 581 264 197 341 456 283 7 846 839 391 16 298
L02: 66 974 38 7 838 963 284 442 632 628 659 346 788 24 875 762
L03: 61 763 192 234 678 677 22 997 750 4 13 140 806 71 276 974
L04: 254 838 347 841 177 298 99 329 457 662 92 417 624 19 875 762
L05: 801 750 403 879 144 7 126 214 857 38 937 403 90 22 9 465
L06: 17 245 967 174 23 930 447 352 72 937 898 470 845 111 784 986
L07: 289 447 341 184 806 90 783 417 151 447 46 601 38 337 97 275 958
L08: 93 950 283 241 331 412 721 219 661 24 22 957 192 332 261 313
L09: 56 278 765 35 341 184 411 770 19 735 187 424 330 447 46 71 524
L10: 337 97 879 144 7 126 275 957 520 24 632 66 141 258 677 825 927
L11: 637 719 981 784 691 926 456 123 236 329 309 422 167 141 347 184
L12: 889 723 555? 298 476 92 115 748 97 171 732 38 442 278 24 510 839
L13: 937 16 627 112 92 313 341 474 8 24 402 38 167 839 22 405 601
L14: 93 19 357 127 701 61 291 39 641 192 789 141 16 601 11 477 742 19
L15: 738 121 88 220 32 830 937 141 83 347 236 434 177 791 141 296 596
L16: 342 781 283 352 613 928 782 254 442 141 346 553 332 765 296 581
L17: 311 337 78 28 7 126 144 911 857 32 225 147 65 192 55 [Ew Chl.] 84 266
L18: 141 19 253 582 239 244 134 917 937 688 273 524 677 347 581 61 712 5
L19: 341 234 514 405 676 24 554 924 890 698 888 516 855 723 581 362 197
L20: 283 553 24 327 152 31 926 184 66 879 144 924 126 97 677 847 839
L21: 391 197 857 32 523 878 38 141 239 244 236 848 467 472 524 342 341
L22: 500 141 219 201 115 674 34 762 76 180 16 461 39 177 141 345 846 839
L23: 793 116 146 53 677 211 272 889 65 474 881 784 32 482 395 405 141
L24: 854 337 236 674 688 38 184 806 784 55 294 554 458 524 341 283
L25: 141 781 24 7 412 926 283 924 618 19 411 148 689 801 878 38 19
L26: 677 424 180 797 651 287 61 112 762 606 301 428
