# HStAM 118 a Nr. 3954 f. 3r (HCPortal media 1448). Pass 1 transcription, one manuscript line per row.
# "Ew Chl." = clear-text address at the start of line 1. "=" at a line end is the writer's hyphen.
# A trailing ? marks a doubtful reading; [x] = struck/overwritten, noted in NOTES.
L01: 524 99 916 38 442 692 447 90 507 24 22 402 924 556 =
L02: 863 888 119 382 92 42 84 9 465 4 341 937 19 227 298 209 801 182
L03: 7 732 878 926 784 320? 84 355 596 192 898 313 654 765 581 841 17
L04: 332 820 298 61 277 38 783 791 676 219 930 434 9 187 5 341 937
L05: 90 191 569 676 482 341 177 732 133 466 38 781 389 654
L06: 756 436 231 447 482 402 192 283 258 924 331 442 748
L07: 55 490 284 236 320 218 470 414 341 366 19 294 447 740 313
L08: 341 927 275 912 594 642 78 659 160 413 212 19 99 133 275
L09: 875 856 21 725 937 273 444 38 66 898 879 275 987 84 11 782 313
L10: 298 32 875 856 21 341 71 710 846 586 937 999 171 42 447 411
L11: 309 117 437 447 470 140 395 236 313 337 236 738 24 329
L12: 309 422? 5 926 184 7 732 19 127 209 801 182 669 241
L13: 927 39 527 283 458 850 405 141 652 92 659 16 380 347
L14: 610 333 806 320 632 192 171 725 265 148 841 409 19 647 7
L15: 287 576 801 782 848 717 78? 581 788 38 19 647 330 171 389 209 801
L16: 182 898 265 298 245 838 276 601 16 632 414 428 141 596
L17: 19 253 845 99 531 688 184 99 930 748 337 283 78 72 7
L18: 298 879 144 90 126 22 534 798 926 937 97 61 557 84 883
L19: 332 211 65 524 337 160 732 320 647 606 693 377 31
