# no. 249 cipher tokens only, one line per manuscript line, extracted from transcription_249.txt (theta = ll, mu = M-like sign)
18 29 37 35 12 17 30 20 27 36 30 16 30 35 35 30
27 12 θ 18 22 13 17 13 17 18 27 30 36
16 12 15 30 15 30 29 30 14 35 22 18 27
27 12 36 22 13 27 18 35 12 36 22 18 29 37 19 12
22 30 27 19 37 12 12 28 13 27 37 24 18 29 33 30 19 27 12 36
μ 18 36 33 38 19 36 37 12 28 13 18 36
37 35 18 21 30 35 28 12 33 30 29 18 θ 18
22 18 29 37 20 33 30 35 21 12 27 37 12
33 24 17 18 17 19 27 12 12 22 30 35 14 33 38 18 17 30
33 12 35 37 24 35 12 29 28 12 29 12 29 14
